CLKs     PC       IR           PCerr  Werr      LED          RegW  RDin         MemW  MDin
0000     0000     201d07d0     00     00000     00000000     1     000007d0     0     00000000
0001     0004     20100001     00     00000     00000000     1     00000001     0     00000000
0002     0008     00109fc0     00     00000     00000000     1     80000000     0     00000000
0003     00ac     afa20000     00     00000     00000000     0     00000000     1     00000000
0004     00b0     23bd0004     00     00000     00000000     1     000007d4     0     00000000
0005     00b4     afa40000     00     00000     00000000     0     00000000     1     00000000
0006     00b8     23bd0004     00     00000     00000000     1     000007d8     0     00000000
0007     00bc     afb00000     00     00000     00000000     0     00000000     1     00000001
0008     00c0     23bd0004     00     00000     00000000     1     000007dc     0     00000000
0009     00c4     afb30000     00     00000     00000000     0     00000000     1     80000000
000a     00c8     23bd0004     00     00000     00000000     1     000007e0     0     00000000
000b     00cc     afb40000     00     00000     00000000     0     00000000     1     00000000
000c     00d0     23bd0004     00     00000     00000000     1     000007e4     0     00000000
000d     00d4     afb50000     00     00000     00000000     0     00000000     1     00000000
000e     00d8     23bd0004     00     00000     00000000     1     000007e8     0     00000000
000f     00dc     afb60000     00     00000     00000000     0     00000000     1     00000000
0010     00e0     23bd0004     00     00000     00000000     1     000007ec     0     00000000
0011     00e4     20160001     00     00000     00000000     1     00000001     0     00000000
0012     00e8     20140003     00     00000     00000000     1     00000003     0     00000000
0013     00ec     20150001     00     00000     00000000     1     00000001     0     00000000
0014     00f0     00168020     00     00000     00000000     1     00000001     0     00000000
0015     00f4     00108100     00     00000     00000000     1     00000010     0     00000000
0016     00f8     02149825     00     00000     00000000     1     00000013     0     00000000
0017     00fc     00132020     00     00000     00000000     1     00000013     0     00000000
0018     0100     20020022     00     00000     00000000     1     00000022     0     00000000
0019     0104     0000000c     00     00000     00000000     0     00000000     0     00000000
001a     0108     1600fffa     00     00000     00000013     0     00000000     0     00000000
001b     00f4     00108100     00     00000     00000013     1     00000100     0     00000000
001c     00f8     02149825     00     00000     00000013     1     00000103     0     00000000
001d     00fc     00132020     00     00000     00000013     1     00000103     0     00000000
001e     0100     20020022     00     00000     00000013     1     00000022     0     00000000
001f     0104     0000000c     00     00000     00000013     0     00000000     0     00000000
0020     0108     1600fffa     00     00000     00000103     0     00000000     0     00000000
0021     00f4     00108100     00     00000     00000103     1     00001000     0     00000000
0022     00f8     02149825     00     00000     00000103     1     00001003     0     00000000
0023     00fc     00132020     00     00000     00000103     1     00001003     0     00000000
0024     0100     20020022     00     00000     00000103     1     00000022     0     00000000
0025     0104     0000000c     00     00000     00000103     0     00000000     0     00000000
0026     0108     1600fffa     00     00000     00001003     0     00000000     0     00000000
0027     00f4     00108100     00     00000     00001003     1     00010000     0     00000000
0028     00f8     02149825     00     00000     00001003     1     00010003     0     00000000
0029     00fc     00132020     00     00000     00001003     1     00010003     0     00000000
002a     0100     20020022     00     00000     00001003     1     00000022     0     00000000
002b     0104     0000000c     00     00000     00001003     0     00000000     0     00000000
002c     0108     1600fffa     00     00000     00010003     0     00000000     0     00000000
002d     00f4     00108100     00     00000     00010003     1     00100000     0     00000000
002e     00f8     02149825     00     00000     00010003     1     00100003     0     00000000
002f     00fc     00132020     00     00000     00010003     1     00100003     0     00000000
0030     0100     20020022     00     00000     00010003     1     00000022     0     00000000
0031     0104     0000000c     00     00000     00010003     0     00000000     0     00000000
0032     0108     1600fffa     00     00000     00100003     0     00000000     0     00000000
0033     00f4     00108100     00     00000     00100003     1     01000000     0     00000000
0034     00f8     02149825     00     00000     00100003     1     01000003     0     00000000
0035     00fc     00132020     00     00000     00100003     1     01000003     0     00000000
0036     0100     20020022     00     00000     00100003     1     00000022     0     00000000
0037     0104     0000000c     00     00000     00100003     0     00000000     0     00000000
0038     0108     1600fffa     00     00000     01000003     0     00000000     0     00000000
0039     00f4     00108100     00     00000     01000003     1     10000000     0     00000000
003a     00f8     02149825     00     00000     01000003     1     10000003     0     00000000
003b     00fc     00132020     00     00000     01000003     1     10000003     0     00000000
003c     0100     20020022     00     00000     01000003     1     00000022     0     00000000
003d     0104     0000000c     00     00000     01000003     0     00000000     0     00000000
003e     0108     1600fffa     00     00000     10000003     0     00000000     0     00000000
003f     00f4     00108100     00     00000     10000003     1     00000000     0     00000000
0040     00f8     02149825     00     00000     10000003     1     00000003     0     00000000
0041     00fc     00132020     00     00000     10000003     1     00000003     0     00000000
0042     0100     20020022     00     00000     10000003     1     00000022     0     00000000
0043     0104     0000000c     00     00000     10000003     0     00000000     0     00000000
0044     0108     1600fffa     00     00000     00000003     0     00000000     0     00000000
0045     010c     0295a022     00     00000     00000003     1     00000002     0     00000000
0046     0110     1680fff7     00     00000     00000003     0     00000000     0     00000000
0047     00f0     00168020     00     00000     00000003     1     00000001     0     00000000
0048     00f4     00108100     00     00000     00000003     1     00000010     0     00000000
0049     00f8     02149825     00     00000     00000003     1     00000012     0     00000000
004a     00fc     00132020     00     00000     00000003     1     00000012     0     00000000
004b     0100     20020022     00     00000     00000003     1     00000022     0     00000000
004c     0104     0000000c     00     00000     00000003     0     00000000     0     00000000
004d     0108     1600fffa     00     00000     00000012     0     00000000     0     00000000
004e     00f4     00108100     00     00000     00000012     1     00000100     0     00000000
004f     00f8     02149825     00     00000     00000012     1     00000102     0     00000000
0050     00fc     00132020     00     00000     00000012     1     00000102     0     00000000
0051     0100     20020022     00     00000     00000012     1     00000022     0     00000000
0052     0104     0000000c     00     00000     00000012     0     00000000     0     00000000
0053     0108     1600fffa     00     00000     00000102     0     00000000     0     00000000
0054     00f4     00108100     00     00000     00000102     1     00001000     0     00000000
0055     00f8     02149825     00     00000     00000102     1     00001002     0     00000000
0056     00fc     00132020     00     00000     00000102     1     00001002     0     00000000
0057     0100     20020022     00     00000     00000102     1     00000022     0     00000000
0058     0104     0000000c     00     00000     00000102     0     00000000     0     00000000
0059     0108     1600fffa     00     00000     00001002     0     00000000     0     00000000
005a     00f4     00108100     00     00000     00001002     1     00010000     0     00000000
005b     00f8     02149825     00     00000     00001002     1     00010002     0     00000000
005c     00fc     00132020     00     00000     00001002     1     00010002     0     00000000
005d     0100     20020022     00     00000     00001002     1     00000022     0     00000000
005e     0104     0000000c     00     00000     00001002     0     00000000     0     00000000
005f     0108     1600fffa     00     00000     00010002     0     00000000     0     00000000
0060     00f4     00108100     00     00000     00010002     1     00100000     0     00000000
0061     00f8     02149825     00     00000     00010002     1     00100002     0     00000000
0062     00fc     00132020     00     00000     00010002     1     00100002     0     00000000
0063     0100     20020022     00     00000     00010002     1     00000022     0     00000000
0064     0104     0000000c     00     00000     00010002     0     00000000     0     00000000
0065     0108     1600fffa     00     00000     00100002     0     00000000     0     00000000
0066     00f4     00108100     00     00000     00100002     1     01000000     0     00000000
0067     00f8     02149825     00     00000     00100002     1     01000002     0     00000000
0068     00fc     00132020     00     00000     00100002     1     01000002     0     00000000
0069     0100     20020022     00     00000     00100002     1     00000022     0     00000000
006a     0104     0000000c     00     00000     00100002     0     00000000     0     00000000
006b     0108     1600fffa     00     00000     01000002     0     00000000     0     00000000
006c     00f4     00108100     00     00000     01000002     1     10000000     0     00000000
006d     00f8     02149825     00     00000     01000002     1     10000002     0     00000000
006e     00fc     00132020     00     00000     01000002     1     10000002     0     00000000
006f     0100     20020022     00     00000     01000002     1     00000022     0     00000000
0070     0104     0000000c     00     00000     01000002     0     00000000     0     00000000
0071     0108     1600fffa     00     00000     10000002     0     00000000     0     00000000
0072     00f4     00108100     00     00000     10000002     1     00000000     0     00000000
0073     00f8     02149825     00     00000     10000002     1     00000002     0     00000000
0074     00fc     00132020     00     00000     10000002     1     00000002     0     00000000
0075     0100     20020022     00     00000     10000002     1     00000022     0     00000000
0076     0104     0000000c     00     00000     10000002     0     00000000     0     00000000
0077     0108     1600fffa     00     00000     00000002     0     00000000     0     00000000
0078     010c     0295a022     00     00000     00000002     1     00000001     0     00000000
0079     0110     1680fff7     00     00000     00000002     0     00000000     0     00000000
007a     00f0     00168020     00     00000     00000002     1     00000001     0     00000000
007b     00f4     00108100     00     00000     00000002     1     00000010     0     00000000
007c     00f8     02149825     00     00000     00000002     1     00000011     0     00000000
007d     00fc     00132020     00     00000     00000002     1     00000011     0     00000000
007e     0100     20020022     00     00000     00000002     1     00000022     0     00000000
007f     0104     0000000c     00     00000     00000002     0     00000000     0     00000000
0080     0108     1600fffa     00     00000     00000011     0     00000000     0     00000000
0081     00f4     00108100     00     00000     00000011     1     00000100     0     00000000
0082     00f8     02149825     00     00000     00000011     1     00000101     0     00000000
0083     00fc     00132020     00     00000     00000011     1     00000101     0     00000000
0084     0100     20020022     00     00000     00000011     1     00000022     0     00000000
0085     0104     0000000c     00     00000     00000011     0     00000000     0     00000000
0086     0108     1600fffa     00     00000     00000101     0     00000000     0     00000000
0087     00f4     00108100     00     00000     00000101     1     00001000     0     00000000
0088     00f8     02149825     00     00000     00000101     1     00001001     0     00000000
0089     00fc     00132020     00     00000     00000101     1     00001001     0     00000000
008a     0100     20020022     00     00000     00000101     1     00000022     0     00000000
008b     0104     0000000c     00     00000     00000101     0     00000000     0     00000000
008c     0108     1600fffa     00     00000     00001001     0     00000000     0     00000000
008d     00f4     00108100     00     00000     00001001     1     00010000     0     00000000
008e     00f8     02149825     00     00000     00001001     1     00010001     0     00000000
008f     00fc     00132020     00     00000     00001001     1     00010001     0     00000000
0090     0100     20020022     00     00000     00001001     1     00000022     0     00000000
0091     0104     0000000c     00     00000     00001001     0     00000000     0     00000000
0092     0108     1600fffa     00     00000     00010001     0     00000000     0     00000000
0093     00f4     00108100     00     00000     00010001     1     00100000     0     00000000
0094     00f8     02149825     00     00000     00010001     1     00100001     0     00000000
0095     00fc     00132020     00     00000     00010001     1     00100001     0     00000000
0096     0100     20020022     00     00000     00010001     1     00000022     0     00000000
0097     0104     0000000c     00     00000     00010001     0     00000000     0     00000000
0098     0108     1600fffa     00     00000     00100001     0     00000000     0     00000000
0099     00f4     00108100     00     00000     00100001     1     01000000     0     00000000
009a     00f8     02149825     00     00000     00100001     1     01000001     0     00000000
009b     00fc     00132020     00     00000     00100001     1     01000001     0     00000000
009c     0100     20020022     00     00000     00100001     1     00000022     0     00000000
009d     0104     0000000c     00     00000     00100001     0     00000000     0     00000000
009e     0108     1600fffa     00     00000     01000001     0     00000000     0     00000000
009f     00f4     00108100     00     00000     01000001     1     10000000     0     00000000
00a0     00f8     02149825     00     00000     01000001     1     10000001     0     00000000
00a1     00fc     00132020     00     00000     01000001     1     10000001     0     00000000
00a2     0100     20020022     00     00000     01000001     1     00000022     0     00000000
00a3     0104     0000000c     00     00000     01000001     0     00000000     0     00000000
00a4     0108     1600fffa     00     00000     10000001     0     00000000     0     00000000
00a5     00f4     00108100     00     00000     10000001     1     00000000     0     00000000
00a6     00f8     02149825     00     00000     10000001     1     00000001     0     00000000
00a7     00fc     00132020     00     00000     10000001     1     00000001     0     00000000
00a8     0100     20020022     00     00000     10000001     1     00000022     0     00000000
00a9     0104     0000000c     00     00000     10000001     0     00000000     0     00000000
00aa     0108     1600fffa     00     00000     00000001     0     00000000     0     00000000
00ab     010c     0295a022     00     00000     00000001     1     00000000     0     00000000
00ac     0110     1680fff7     00     00000     00000001     0     00000000     0     00000000
00ad     0114     23bdfffc     00     00000     00000001     1     000007e8     0     00000000
00ae     0118     8fb60000     00     00000     00000001     1     00000000     0     00000000
00af     011c     23bdfffc     00     00000     00000001     1     000007e4     0     00000000
00b0     0120     8fb50000     00     00000     00000001     1     00000000     0     00000000
00b1     0124     23bdfffc     00     00000     00000001     1     000007e0     0     00000000
00b2     0128     8fb40000     00     00000     00000001     1     00000000     0     00000000
00b3     012c     23bdfffc     00     00000     00000001     1     000007dc     0     00000000
00b4     0130     8fb30000     00     00000     00000001     1     80000000     0     00000000
00b5     0134     23bdfffc     00     00000     00000001     1     000007d8     0     00000000
00b6     0138     8fb00000     00     00000     00000001     1     00000001     0     00000000
00b7     013c     23bdfffc     00     00000     00000001     1     000007d4     0     00000000
00b8     0140     8fa40000     00     00000     00000001     1     00000000     0     00000000
00b9     0144     23bdfffc     00     00000     00000001     1     000007d0     0     00000000
00ba     0148     8fa20000     00     00000     00000001     1     00000000     0     00000000
00bb     014c     42000018     00     00000     00000001     0     00000000     0     00000000
00bc     000c     00139fc3     00     00000     00000001     1     ffffffff     0     00000000
00bd     01f4     afa20000     00     00000     00000001     0     00000000     1     00000000
00be     01f8     23bd0004     00     00000     00000001     1     000007d4     0     00000000
00bf     01fc     afa40000     00     00000     00000001     0     00000000     1     00000000
00c0     0200     23bd0004     00     00000     00000001     1     000007d8     0     00000000
00c1     0204     afb00000     00     00000     00000001     0     00000000     1     00000001
00c2     0208     23bd0004     00     00000     00000001     1     000007dc     0     00000000
00c3     020c     afb30000     00     00000     00000001     0     00000000     1     ffffffff
00c4     0210     23bd0004     00     00000     00000001     1     000007e0     0     00000000
00c5     0214     afb40000     00     00000     00000001     0     00000000     1     00000000
00c6     0218     23bd0004     00     00000     00000001     1     000007e4     0     00000000
00c7     021c     afb50000     00     00000     00000001     0     00000000     1     00000000
00c8     0220     23bd0004     00     00000     00000001     1     000007e8     0     00000000
00c9     0224     afb60000     00     00000     00000001     0     00000000     1     00000000
00ca     0228     23bd0004     00     00000     00000001     1     000007ec     0     00000000
00cb     022c     20160003     00     00000     00000001     1     00000003     0     00000000
00cc     0230     20140003     00     00000     00000001     1     00000003     0     00000000
00cd     0234     20150001     00     00000     00000001     1     00000001     0     00000000
00ce     0238     00168020     00     00000     00000001     1     00000003     0     00000000
00cf     023c     00108100     00     00000     00000001     1     00000030     0     00000000
00d0     0240     02149825     00     00000     00000001     1     00000033     0     00000000
00d1     0244     00132020     00     00000     00000001     1     00000033     0     00000000
00d2     0248     20020022     00     00000     00000001     1     00000022     0     00000000
00d3     024c     0000000c     00     00000     00000001     0     00000000     0     00000000
00d4     0250     1600fffa     00     00000     00000033     0     00000000     0     00000000
00d5     023c     00108100     00     00000     00000033     1     00000300     0     00000000
00d6     0240     02149825     00     00000     00000033     1     00000303     0     00000000
00d7     0244     00132020     00     00000     00000033     1     00000303     0     00000000
00d8     0248     20020022     00     00000     00000033     1     00000022     0     00000000
00d9     024c     0000000c     00     00000     00000033     0     00000000     0     00000000
00da     0250     1600fffa     00     00000     00000303     0     00000000     0     00000000
00db     023c     00108100     00     00000     00000303     1     00003000     0     00000000
00dc     0240     02149825     00     00000     00000303     1     00003003     0     00000000
00dd     0244     00132020     00     00000     00000303     1     00003003     0     00000000
00de     0248     20020022     00     00000     00000303     1     00000022     0     00000000
00df     024c     0000000c     00     00000     00000303     0     00000000     0     00000000
00e0     0250     1600fffa     00     00000     00003003     0     00000000     0     00000000
00e1     023c     00108100     00     00000     00003003     1     00030000     0     00000000
00e2     0240     02149825     00     00000     00003003     1     00030003     0     00000000
00e3     0244     00132020     00     00000     00003003     1     00030003     0     00000000
00e4     0248     20020022     00     00000     00003003     1     00000022     0     00000000
00e5     024c     0000000c     00     00000     00003003     0     00000000     0     00000000
00e6     0250     1600fffa     00     00000     00030003     0     00000000     0     00000000
00e7     023c     00108100     00     00000     00030003     1     00300000     0     00000000
00e8     0240     02149825     00     00000     00030003     1     00300003     0     00000000
00e9     0244     00132020     00     00000     00030003     1     00300003     0     00000000
00ea     0248     20020022     00     00000     00030003     1     00000022     0     00000000
00eb     024c     0000000c     00     00000     00030003     0     00000000     0     00000000
00ec     0250     1600fffa     00     00000     00300003     0     00000000     0     00000000
00ed     023c     00108100     00     00000     00300003     1     03000000     0     00000000
00ee     0240     02149825     00     00000     00300003     1     03000003     0     00000000
00ef     0244     00132020     00     00000     00300003     1     03000003     0     00000000
00f0     0248     20020022     00     00000     00300003     1     00000022     0     00000000
00f1     024c     0000000c     00     00000     00300003     0     00000000     0     00000000
00f2     0250     1600fffa     00     00000     03000003     0     00000000     0     00000000
00f3     023c     00108100     00     00000     03000003     1     30000000     0     00000000
00f4     0240     02149825     00     00000     03000003     1     30000003     0     00000000
00f5     0244     00132020     00     00000     03000003     1     30000003     0     00000000
00f6     0248     20020022     00     00000     03000003     1     00000022     0     00000000
00f7     024c     0000000c     00     00000     03000003     0     00000000     0     00000000
00f8     0250     1600fffa     00     00000     30000003     0     00000000     0     00000000
00f9     023c     00108100     00     00000     30000003     1     00000000     0     00000000
00fa     0240     02149825     00     00000     30000003     1     00000003     0     00000000
00fb     0244     00132020     00     00000     30000003     1     00000003     0     00000000
00fc     0248     20020022     00     00000     30000003     1     00000022     0     00000000
00fd     024c     0000000c     00     00000     30000003     0     00000000     0     00000000
00fe     0250     1600fffa     00     00000     00000003     0     00000000     0     00000000
00ff     0254     0295a022     00     00000     00000003     1     00000002     0     00000000
0100     0258     1680fff7     00     00000     00000003     0     00000000     0     00000000
0101     0238     00168020     00     00000     00000003     1     00000003     0     00000000
0102     023c     00108100     00     00000     00000003     1     00000030     0     00000000
0103     0240     02149825     00     00000     00000003     1     00000032     0     00000000
0104     0244     00132020     00     00000     00000003     1     00000032     0     00000000
0105     0248     20020022     00     00000     00000003     1     00000022     0     00000000
0106     024c     0000000c     00     00000     00000003     0     00000000     0     00000000
0107     0250     1600fffa     00     00000     00000032     0     00000000     0     00000000
0108     023c     00108100     00     00000     00000032     1     00000300     0     00000000
0109     0240     02149825     00     00000     00000032     1     00000302     0     00000000
010a     0244     00132020     00     00000     00000032     1     00000302     0     00000000
010b     0248     20020022     00     00000     00000032     1     00000022     0     00000000
010c     024c     0000000c     00     00000     00000032     0     00000000     0     00000000
010d     0250     1600fffa     00     00000     00000302     0     00000000     0     00000000
010e     023c     00108100     00     00000     00000302     1     00003000     0     00000000
010f     0240     02149825     00     00000     00000302     1     00003002     0     00000000
0110     0244     00132020     00     00000     00000302     1     00003002     0     00000000
0111     0248     20020022     00     00000     00000302     1     00000022     0     00000000
0112     024c     0000000c     00     00000     00000302     0     00000000     0     00000000
0113     0250     1600fffa     00     00000     00003002     0     00000000     0     00000000
0114     023c     00108100     00     00000     00003002     1     00030000     0     00000000
0115     0240     02149825     00     00000     00003002     1     00030002     0     00000000
0116     0244     00132020     00     00000     00003002     1     00030002     0     00000000
0117     0248     20020022     00     00000     00003002     1     00000022     0     00000000
0118     024c     0000000c     00     00000     00003002     0     00000000     0     00000000
0119     0250     1600fffa     00     00000     00030002     0     00000000     0     00000000
011a     023c     00108100     00     00000     00030002     1     00300000     0     00000000
011b     0240     02149825     00     00000     00030002     1     00300002     0     00000000
011c     0244     00132020     00     00000     00030002     1     00300002     0     00000000
011d     0248     20020022     00     00000     00030002     1     00000022     0     00000000
011e     024c     0000000c     00     00000     00030002     0     00000000     0     00000000
011f     0250     1600fffa     00     00000     00300002     0     00000000     0     00000000
0120     023c     00108100     00     00000     00300002     1     03000000     0     00000000
0121     0240     02149825     00     00000     00300002     1     03000002     0     00000000
0122     0244     00132020     00     00000     00300002     1     03000002     0     00000000
0123     0248     20020022     00     00000     00300002     1     00000022     0     00000000
0124     024c     0000000c     00     00000     00300002     0     00000000     0     00000000
0125     0250     1600fffa     00     00000     03000002     0     00000000     0     00000000
0126     023c     00108100     00     00000     03000002     1     30000000     0     00000000
0127     0240     02149825     00     00000     03000002     1     30000002     0     00000000
0128     0244     00132020     00     00000     03000002     1     30000002     0     00000000
0129     0248     20020022     00     00000     03000002     1     00000022     0     00000000
012a     024c     0000000c     00     00000     03000002     0     00000000     0     00000000
012b     0250     1600fffa     00     00000     30000002     0     00000000     0     00000000
012c     023c     00108100     00     00000     30000002     1     00000000     0     00000000
012d     0240     02149825     00     00000     30000002     1     00000002     0     00000000
012e     0244     00132020     00     00000     30000002     1     00000002     0     00000000
012f     0248     20020022     00     00000     30000002     1     00000022     0     00000000
0130     024c     0000000c     00     00000     30000002     0     00000000     0     00000000
0131     0250     1600fffa     00     00000     00000002     0     00000000     0     00000000
0132     0254     0295a022     00     00000     00000002     1     00000001     0     00000000
0133     0258     1680fff7     00     00000     00000002     0     00000000     0     00000000
0134     0238     00168020     00     00000     00000002     1     00000003     0     00000000
0135     023c     00108100     00     00000     00000002     1     00000030     0     00000000
0136     0240     02149825     00     00000     00000002     1     00000031     0     00000000
0137     0244     00132020     00     00000     00000002     1     00000031     0     00000000
0138     0248     20020022     00     00000     00000002     1     00000022     0     00000000
0139     024c     0000000c     00     00000     00000002     0     00000000     0     00000000
013a     0250     1600fffa     00     00000     00000031     0     00000000     0     00000000
013b     023c     00108100     00     00000     00000031     1     00000300     0     00000000
013c     0240     02149825     00     00000     00000031     1     00000301     0     00000000
013d     0244     00132020     00     00000     00000031     1     00000301     0     00000000
013e     0248     20020022     00     00000     00000031     1     00000022     0     00000000
013f     024c     0000000c     00     00000     00000031     0     00000000     0     00000000
0140     0250     1600fffa     00     00000     00000301     0     00000000     0     00000000
0141     023c     00108100     00     00000     00000301     1     00003000     0     00000000
0142     0240     02149825     00     00000     00000301     1     00003001     0     00000000
0143     0244     00132020     00     00000     00000301     1     00003001     0     00000000
0144     0248     20020022     00     00000     00000301     1     00000022     0     00000000
0145     024c     0000000c     00     00000     00000301     0     00000000     0     00000000
0146     0250     1600fffa     00     00000     00003001     0     00000000     0     00000000
0147     023c     00108100     00     00000     00003001     1     00030000     0     00000000
0148     0240     02149825     00     00000     00003001     1     00030001     0     00000000
0149     0244     00132020     00     00000     00003001     1     00030001     0     00000000
014a     0248     20020022     00     00000     00003001     1     00000022     0     00000000
014b     024c     0000000c     00     00000     00003001     0     00000000     0     00000000
014c     0250     1600fffa     00     00000     00030001     0     00000000     0     00000000
014d     023c     00108100     00     00000     00030001     1     00300000     0     00000000
014e     0240     02149825     00     00000     00030001     1     00300001     0     00000000
014f     0244     00132020     00     00000     00030001     1     00300001     0     00000000
0150     0248     20020022     00     00000     00030001     1     00000022     0     00000000
0151     024c     0000000c     00     00000     00030001     0     00000000     0     00000000
0152     0250     1600fffa     00     00000     00300001     0     00000000     0     00000000
0153     023c     00108100     00     00000     00300001     1     03000000     0     00000000
0154     0240     02149825     00     00000     00300001     1     03000001     0     00000000
0155     0244     00132020     00     00000     00300001     1     03000001     0     00000000
0156     0248     20020022     00     00000     00300001     1     00000022     0     00000000
0157     024c     0000000c     00     00000     00300001     0     00000000     0     00000000
0158     0250     1600fffa     00     00000     03000001     0     00000000     0     00000000
0159     023c     00108100     00     00000     03000001     1     30000000     0     00000000
015a     0240     02149825     00     00000     03000001     1     30000001     0     00000000
015b     0244     00132020     00     00000     03000001     1     30000001     0     00000000
015c     0248     20020022     00     00000     03000001     1     00000022     0     00000000
015d     024c     0000000c     00     00000     03000001     0     00000000     0     00000000
015e     0250     1600fffa     00     00000     30000001     0     00000000     0     00000000
015f     023c     00108100     00     00000     30000001     1     00000000     0     00000000
0160     0240     02149825     00     00000     30000001     1     00000001     0     00000000
0161     0244     00132020     00     00000     30000001     1     00000001     0     00000000
0162     0248     20020022     00     00000     30000001     1     00000022     0     00000000
0163     024c     0000000c     00     00000     30000001     0     00000000     0     00000000
0164     0250     1600fffa     00     00000     00000001     0     00000000     0     00000000
0165     0254     0295a022     00     00000     00000001     1     00000000     0     00000000
0166     0258     1680fff7     00     00000     00000001     0     00000000     0     00000000
0167     025c     23bdfffc     00     00000     00000001     1     000007e8     0     00000000
0168     0260     8fb60000     00     00000     00000001     1     00000000     0     00000000
0169     0264     23bdfffc     00     00000     00000001     1     000007e4     0     00000000
016a     0268     8fb50000     00     00000     00000001     1     00000000     0     00000000
016b     026c     23bdfffc     00     00000     00000001     1     000007e0     0     00000000
016c     0270     8fb40000     00     00000     00000001     1     00000000     0     00000000
016d     0274     23bdfffc     00     00000     00000001     1     000007dc     0     00000000
016e     0278     8fb30000     00     00000     00000001     1     ffffffff     0     00000000
016f     027c     23bdfffc     00     00000     00000001     1     000007d8     0     00000000
0170     0280     8fb00000     00     00000     00000001     1     00000001     0     00000000
0171     0284     23bdfffc     00     00000     00000001     1     000007d4     0     00000000
0172     0288     8fa40000     00     00000     00000001     1     00000000     0     00000000
0173     028c     23bdfffc     00     00000     00000001     1     000007d0     0     00000000
0174     0290     8fa20000     00     00000     00000001     1     00000000     0     00000000
0175     0294     42000018     00     00000     00000001     0     00000000     0     00000000
0176     0010     00008021     00     00000     00000001     1     00000000     0     00000000
0177     0150     afa20000     00     00000     00000001     0     00000000     1     00000000
0178     0154     23bd0004     00     00000     00000001     1     000007d4     0     00000000
0179     0158     afa40000     00     00000     00000001     0     00000000     1     00000000
017a     015c     23bd0004     00     00000     00000001     1     000007d8     0     00000000
017b     0160     afb00000     00     00000     00000001     0     00000000     1     00000000
017c     0164     23bd0004     00     00000     00000001     1     000007dc     0     00000000
017d     0168     afb30000     00     00000     00000001     0     00000000     1     ffffffff
017e     016c     23bd0004     00     00000     00000001     1     000007e0     0     00000000
017f     0170     afb40000     00     00000     00000001     0     00000000     1     00000000
0180     0174     23bd0004     00     00000     00000001     1     000007e4     0     00000000
0181     0178     afb50000     00     00000     00000001     0     00000000     1     00000000
0182     017c     23bd0004     00     00000     00000001     1     000007e8     0     00000000
0183     0180     afb60000     00     00000     00000001     0     00000000     1     00000000
0184     0184     23bd0004     00     00000     00000001     1     000007ec     0     00000000
0185     0188     20160002     00     00000     00000001     1     00000002     0     00000000
0186     018c     20140003     00     00000     00000001     1     00000003     0     00000000
0187     0190     20150001     00     00000     00000001     1     00000001     0     00000000
0188     0194     00168020     00     00000     00000001     1     00000002     0     00000000
0189     0198     00108100     00     00000     00000001     1     00000020     0     00000000
018a     019c     02149825     00     00000     00000001     1     00000023     0     00000000
018b     01a0     00132020     00     00000     00000001     1     00000023     0     00000000
018c     01a4     20020022     00     00000     00000001     1     00000022     0     00000000
018d     01a8     0000000c     00     00000     00000001     0     00000000     0     00000000
018e     01ac     1600fffa     00     00000     00000023     0     00000000     0     00000000
018f     0198     00108100     00     00000     00000023     1     00000200     0     00000000
0190     019c     02149825     00     00000     00000023     1     00000203     0     00000000
0191     01a0     00132020     00     00000     00000023     1     00000203     0     00000000
0192     01a4     20020022     00     00000     00000023     1     00000022     0     00000000
0193     01a8     0000000c     00     00000     00000023     0     00000000     0     00000000
0194     01ac     1600fffa     00     00000     00000203     0     00000000     0     00000000
0195     0198     00108100     00     00000     00000203     1     00002000     0     00000000
0196     019c     02149825     00     00000     00000203     1     00002003     0     00000000
0197     01a0     00132020     00     00000     00000203     1     00002003     0     00000000
0198     01a4     20020022     00     00000     00000203     1     00000022     0     00000000
0199     01a8     0000000c     00     00000     00000203     0     00000000     0     00000000
019a     01ac     1600fffa     00     00000     00002003     0     00000000     0     00000000
019b     0198     00108100     00     00000     00002003     1     00020000     0     00000000
019c     019c     02149825     00     00000     00002003     1     00020003     0     00000000
019d     01a0     00132020     00     00000     00002003     1     00020003     0     00000000
019e     01a4     20020022     00     00000     00002003     1     00000022     0     00000000
019f     01a8     0000000c     00     00000     00002003     0     00000000     0     00000000
01a0     01ac     1600fffa     00     00000     00020003     0     00000000     0     00000000
01a1     0198     00108100     00     00000     00020003     1     00200000     0     00000000
01a2     019c     02149825     00     00000     00020003     1     00200003     0     00000000
01a3     01a0     00132020     00     00000     00020003     1     00200003     0     00000000
01a4     01a4     20020022     00     00000     00020003     1     00000022     0     00000000
01a5     01a8     0000000c     00     00000     00020003     0     00000000     0     00000000
01a6     01ac     1600fffa     00     00000     00200003     0     00000000     0     00000000
01a7     0198     00108100     00     00000     00200003     1     02000000     0     00000000
01a8     019c     02149825     00     00000     00200003     1     02000003     0     00000000
01a9     01a0     00132020     00     00000     00200003     1     02000003     0     00000000
01aa     01a4     20020022     00     00000     00200003     1     00000022     0     00000000
01ab     01a8     0000000c     00     00000     00200003     0     00000000     0     00000000
01ac     01ac     1600fffa     00     00000     02000003     0     00000000     0     00000000
01ad     0198     00108100     00     00000     02000003     1     20000000     0     00000000
01ae     019c     02149825     00     00000     02000003     1     20000003     0     00000000
01af     01a0     00132020     00     00000     02000003     1     20000003     0     00000000
01b0     01a4     20020022     00     00000     02000003     1     00000022     0     00000000
01b1     01a8     0000000c     00     00000     02000003     0     00000000     0     00000000
01b2     01ac     1600fffa     00     00000     20000003     0     00000000     0     00000000
01b3     0198     00108100     00     00000     20000003     1     00000000     0     00000000
01b4     019c     02149825     00     00000     20000003     1     00000003     0     00000000
01b5     01a0     00132020     00     00000     20000003     1     00000003     0     00000000
01b6     01a4     20020022     00     00000     20000003     1     00000022     0     00000000
01b7     01a8     0000000c     00     00000     20000003     0     00000000     0     00000000
01b8     01ac     1600fffa     00     00000     00000003     0     00000000     0     00000000
01b9     01b0     0295a022     00     00000     00000003     1     00000002     0     00000000
01ba     01b4     1680fff7     00     00000     00000003     0     00000000     0     00000000
01bb     0194     00168020     00     00000     00000003     1     00000002     0     00000000
01bc     0198     00108100     00     00000     00000003     1     00000020     0     00000000
01bd     019c     02149825     00     00000     00000003     1     00000022     0     00000000
01be     01a0     00132020     00     00000     00000003     1     00000022     0     00000000
01bf     01a4     20020022     00     00000     00000003     1     00000022     0     00000000
01c0     01a8     0000000c     00     00000     00000003     0     00000000     0     00000000
01c1     01ac     1600fffa     00     00000     00000022     0     00000000     0     00000000
01c2     0198     00108100     00     00000     00000022     1     00000200     0     00000000
01c3     019c     02149825     00     00000     00000022     1     00000202     0     00000000
01c4     01a0     00132020     00     00000     00000022     1     00000202     0     00000000
01c5     01a4     20020022     00     00000     00000022     1     00000022     0     00000000
01c6     01a8     0000000c     00     00000     00000022     0     00000000     0     00000000
01c7     01ac     1600fffa     00     00000     00000202     0     00000000     0     00000000
01c8     0198     00108100     00     00000     00000202     1     00002000     0     00000000
01c9     019c     02149825     00     00000     00000202     1     00002002     0     00000000
01ca     01a0     00132020     00     00000     00000202     1     00002002     0     00000000
01cb     01a4     20020022     00     00000     00000202     1     00000022     0     00000000
01cc     01a8     0000000c     00     00000     00000202     0     00000000     0     00000000
01cd     01ac     1600fffa     00     00000     00002002     0     00000000     0     00000000
01ce     0198     00108100     00     00000     00002002     1     00020000     0     00000000
01cf     019c     02149825     00     00000     00002002     1     00020002     0     00000000
01d0     01a0     00132020     00     00000     00002002     1     00020002     0     00000000
01d1     01a4     20020022     00     00000     00002002     1     00000022     0     00000000
01d2     01a8     0000000c     00     00000     00002002     0     00000000     0     00000000
01d3     01ac     1600fffa     00     00000     00020002     0     00000000     0     00000000
01d4     0198     00108100     00     00000     00020002     1     00200000     0     00000000
01d5     019c     02149825     00     00000     00020002     1     00200002     0     00000000
01d6     01a0     00132020     00     00000     00020002     1     00200002     0     00000000
01d7     01a4     20020022     00     00000     00020002     1     00000022     0     00000000
01d8     01a8     0000000c     00     00000     00020002     0     00000000     0     00000000
01d9     01ac     1600fffa     00     00000     00200002     0     00000000     0     00000000
01da     0198     00108100     00     00000     00200002     1     02000000     0     00000000
01db     019c     02149825     00     00000     00200002     1     02000002     0     00000000
01dc     01a0     00132020     00     00000     00200002     1     02000002     0     00000000
01dd     01a4     20020022     00     00000     00200002     1     00000022     0     00000000
01de     01a8     0000000c     00     00000     00200002     0     00000000     0     00000000
01df     01ac     1600fffa     00     00000     02000002     0     00000000     0     00000000
01e0     0198     00108100     00     00000     02000002     1     20000000     0     00000000
01e1     019c     02149825     00     00000     02000002     1     20000002     0     00000000
01e2     01a0     00132020     00     00000     02000002     1     20000002     0     00000000
01e3     01a4     20020022     00     00000     02000002     1     00000022     0     00000000
01e4     01a8     0000000c     00     00000     02000002     0     00000000     0     00000000
01e5     01ac     1600fffa     00     00000     20000002     0     00000000     0     00000000
01e6     0198     00108100     00     00000     20000002     1     00000000     0     00000000
01e7     019c     02149825     00     00000     20000002     1     00000002     0     00000000
01e8     01a0     00132020     00     00000     20000002     1     00000002     0     00000000
01e9     01a4     20020022     00     00000     20000002     1     00000022     0     00000000
01ea     01a8     0000000c     00     00000     20000002     0     00000000     0     00000000
01eb     01ac     1600fffa     00     00000     00000002     0     00000000     0     00000000
01ec     01b0     0295a022     00     00000     00000002     1     00000001     0     00000000
01ed     01b4     1680fff7     00     00000     00000002     0     00000000     0     00000000
01ee     0194     00168020     00     00000     00000002     1     00000002     0     00000000
01ef     0198     00108100     00     00000     00000002     1     00000020     0     00000000
01f0     019c     02149825     00     00000     00000002     1     00000021     0     00000000
01f1     01a0     00132020     00     00000     00000002     1     00000021     0     00000000
01f2     01a4     20020022     00     00000     00000002     1     00000022     0     00000000
01f3     01a8     0000000c     00     00000     00000002     0     00000000     0     00000000
01f4     01ac     1600fffa     00     00000     00000021     0     00000000     0     00000000
01f5     0198     00108100     00     00000     00000021     1     00000200     0     00000000
01f6     019c     02149825     00     00000     00000021     1     00000201     0     00000000
01f7     01a0     00132020     00     00000     00000021     1     00000201     0     00000000
01f8     01a4     20020022     00     00000     00000021     1     00000022     0     00000000
01f9     01a8     0000000c     00     00000     00000021     0     00000000     0     00000000
01fa     01ac     1600fffa     00     00000     00000201     0     00000000     0     00000000
01fb     0198     00108100     00     00000     00000201     1     00002000     0     00000000
01fc     019c     02149825     00     00000     00000201     1     00002001     0     00000000
01fd     01a0     00132020     00     00000     00000201     1     00002001     0     00000000
01fe     01a4     20020022     00     00000     00000201     1     00000022     0     00000000
01ff     01a8     0000000c     00     00000     00000201     0     00000000     0     00000000
0200     01ac     1600fffa     00     00000     00002001     0     00000000     0     00000000
0201     0198     00108100     00     00000     00002001     1     00020000     0     00000000
0202     019c     02149825     00     00000     00002001     1     00020001     0     00000000
0203     01a0     00132020     00     00000     00002001     1     00020001     0     00000000
0204     01a4     20020022     00     00000     00002001     1     00000022     0     00000000
0205     01a8     0000000c     00     00000     00002001     0     00000000     0     00000000
0206     01ac     1600fffa     00     00000     00020001     0     00000000     0     00000000
0207     0198     00108100     00     00000     00020001     1     00200000     0     00000000
0208     019c     02149825     00     00000     00020001     1     00200001     0     00000000
0209     01a0     00132020     00     00000     00020001     1     00200001     0     00000000
020a     01a4     20020022     00     00000     00020001     1     00000022     0     00000000
020b     01a8     0000000c     00     00000     00020001     0     00000000     0     00000000
020c     01ac     1600fffa     00     00000     00200001     0     00000000     0     00000000
020d     0198     00108100     00     00000     00200001     1     02000000     0     00000000
020e     019c     02149825     00     00000     00200001     1     02000001     0     00000000
020f     01a0     00132020     00     00000     00200001     1     02000001     0     00000000
0210     01a4     20020022     00     00000     00200001     1     00000022     0     00000000
0211     01a8     0000000c     00     00000     00200001     0     00000000     0     00000000
0212     01ac     1600fffa     00     00000     02000001     0     00000000     0     00000000
0213     0198     00108100     00     00000     02000001     1     20000000     0     00000000
0214     019c     02149825     00     00000     02000001     1     20000001     0     00000000
0215     01a0     00132020     00     00000     02000001     1     20000001     0     00000000
0216     01a4     20020022     00     00000     02000001     1     00000022     0     00000000
0217     01a8     0000000c     00     00000     02000001     0     00000000     0     00000000
0218     01ac     1600fffa     00     00000     20000001     0     00000000     0     00000000
0219     0198     00108100     00     00000     20000001     1     00000000     0     00000000
021a     019c     02149825     00     00000     20000001     1     00000001     0     00000000
021b     01a0     00132020     00     00000     20000001     1     00000001     0     00000000
021c     01a4     20020022     00     00000     20000001     1     00000022     0     00000000
021d     01a8     0000000c     00     00000     20000001     0     00000000     0     00000000
021e     01ac     1600fffa     00     00000     00000001     0     00000000     0     00000000
021f     01b0     0295a022     00     00000     00000001     1     00000000     0     00000000
0220     01b4     1680fff7     00     00000     00000001     0     00000000     0     00000000
0221     01b8     23bdfffc     00     00000     00000001     1     000007e8     0     00000000
0222     01bc     8fb60000     00     00000     00000001     1     00000000     0     00000000
0223     01c0     23bdfffc     00     00000     00000001     1     000007e4     0     00000000
0224     01c4     8fb50000     00     00000     00000001     1     00000000     0     00000000
0225     01c8     23bdfffc     00     00000     00000001     1     000007e0     0     00000000
0226     01cc     8fb40000     00     00000     00000001     1     00000000     0     00000000
0227     01d0     23bdfffc     00     00000     00000001     1     000007dc     0     00000000
0228     01d4     8fb30000     00     00000     00000001     1     ffffffff     0     00000000
0229     01d8     23bdfffc     00     00000     00000001     1     000007d8     0     00000000
022a     01dc     8fb00000     00     00000     00000001     1     00000000     0     00000000
022b     01e0     23bdfffc     00     00000     00000001     1     000007d4     0     00000000
022c     01e4     8fa40000     00     00000     00000001     1     00000000     0     00000000
022d     01e8     23bdfffc     00     00000     00000001     1     000007d0     0     00000000
022e     01ec     8fa20000     00     00000     00000001     1     00000000     0     00000000
022f     01f0     42000018     00     00000     00000001     0     00000000     0     00000000
0230     0014     2012000c     00     00000     00000001     1     0000000c     0     00000000
0231     0018     24160008     00     00000     00000001     1     00000008     0     00000000
0232     001c     26100001     00     00000     00000001     1     00000001     0     00000000
0233     0020     3210000f     00     00000     00000001     1     00000001     0     00000000
0234     0024     20080008     00     00000     00000001     1     00000008     0     00000000
0235     0028     20090001     00     00000     00000001     1     00000001     0     00000000
0236     002c     00139900     00     00000     00000001     1     fffffff0     0     00000000
0237     0030     02709825     00     00000     00000001     1     fffffff1     0     00000000
0238     0034     00132020     00     00000     00000001     1     fffffff1     0     00000000
0239     0038     20020022     00     00000     00000001     1     00000022     0     00000000
023a     003c     0000000c     00     00000     00000001     0     00000000     0     00000000
023b     0040     01094022     00     00000     fffffff1     1     00000007     0     00000000
023c     0044     1500fff9     00     00000     fffffff1     0     00000000     0     00000000
023d     002c     00139900     00     00000     fffffff1     1     ffffff10     0     00000000
023e     0030     02709825     00     00000     fffffff1     1     ffffff11     0     00000000
023f     0034     00132020     00     00000     fffffff1     1     ffffff11     0     00000000
0240     0038     20020022     00     00000     fffffff1     1     00000022     0     00000000
0241     003c     0000000c     00     00000     fffffff1     0     00000000     0     00000000
0242     0040     01094022     00     00000     ffffff11     1     00000006     0     00000000
0243     0044     1500fff9     00     00000     ffffff11     0     00000000     0     00000000
0244     002c     00139900     00     00000     ffffff11     1     fffff110     0     00000000
0245     0030     02709825     00     00000     ffffff11     1     fffff111     0     00000000
0246     0034     00132020     00     00000     ffffff11     1     fffff111     0     00000000
0247     0038     20020022     00     00000     ffffff11     1     00000022     0     00000000
0248     003c     0000000c     00     00000     ffffff11     0     00000000     0     00000000
0249     0040     01094022     00     00000     fffff111     1     00000005     0     00000000
024a     0044     1500fff9     00     00000     fffff111     0     00000000     0     00000000
024b     002c     00139900     00     00000     fffff111     1     ffff1110     0     00000000
024c     0030     02709825     00     00000     fffff111     1     ffff1111     0     00000000
024d     0034     00132020     00     00000     fffff111     1     ffff1111     0     00000000
024e     0038     20020022     00     00000     fffff111     1     00000022     0     00000000
024f     003c     0000000c     00     00000     fffff111     0     00000000     0     00000000
0250     0040     01094022     00     00000     ffff1111     1     00000004     0     00000000
0251     0044     1500fff9     00     00000     ffff1111     0     00000000     0     00000000
0252     002c     00139900     00     00000     ffff1111     1     fff11110     0     00000000
0253     0030     02709825     00     00000     ffff1111     1     fff11111     0     00000000
0254     0034     00132020     00     00000     ffff1111     1     fff11111     0     00000000
0255     0038     20020022     00     00000     ffff1111     1     00000022     0     00000000
0256     003c     0000000c     00     00000     ffff1111     0     00000000     0     00000000
0257     0040     01094022     00     00000     fff11111     1     00000003     0     00000000
0258     0044     1500fff9     00     00000     fff11111     0     00000000     0     00000000
0259     002c     00139900     00     00000     fff11111     1     ff111110     0     00000000
025a     00ac     afa20000     00     00000     fff11111     0     00000000     1     00000022
025b     00b0     23bd0004     00     00000     fff11111     1     000007d4     0     00000000
025c     00b4     afa40000     00     00000     fff11111     0     00000000     1     fff11111
025d     00b8     23bd0004     00     00000     fff11111     1     000007d8     0     00000000
025e     00bc     afb00000     00     00000     fff11111     0     00000000     1     00000001
025f     00c0     23bd0004     00     00000     fff11111     1     000007dc     0     00000000
0260     00c4     afb30000     00     00000     fff11111     0     00000000     1     ff111110
0261     00c8     23bd0004     00     00000     fff11111     1     000007e0     0     00000000
0262     00cc     afb40000     00     00000     fff11111     0     00000000     1     00000000
0263     00d0     23bd0004     00     00000     fff11111     1     000007e4     0     00000000
0264     00d4     afb50000     00     00000     fff11111     0     00000000     1     00000000
0265     00d8     23bd0004     00     00000     fff11111     1     000007e8     0     00000000
0266     00dc     afb60000     00     00000     fff11111     0     00000000     1     00000008
0267     00e0     23bd0004     00     00000     fff11111     1     000007ec     0     00000000
0268     00e4     20160001     00     00000     fff11111     1     00000001     0     00000000
0269     00e8     20140003     00     00000     fff11111     1     00000003     0     00000000
026a     00ec     20150001     00     00000     fff11111     1     00000001     0     00000000
026b     00f0     00168020     00     00000     fff11111     1     00000001     0     00000000
026c     00f4     00108100     00     00000     fff11111     1     00000010     0     00000000
026d     00f8     02149825     00     00000     fff11111     1     00000013     0     00000000
026e     00fc     00132020     00     00000     fff11111     1     00000013     0     00000000
026f     0100     20020022     00     00000     fff11111     1     00000022     0     00000000
0270     0104     0000000c     00     00000     fff11111     0     00000000     0     00000000
0271     0108     1600fffa     00     00000     00000013     0     00000000     0     00000000
0272     00f4     00108100     00     00000     00000013     1     00000100     0     00000000
0273     00f8     02149825     00     00000     00000013     1     00000103     0     00000000
0274     00fc     00132020     00     00000     00000013     1     00000103     0     00000000
0275     0100     20020022     00     00000     00000013     1     00000022     0     00000000
0276     0104     0000000c     00     00000     00000013     0     00000000     0     00000000
0277     0108     1600fffa     00     00000     00000103     0     00000000     0     00000000
0278     00f4     00108100     00     00000     00000103     1     00001000     0     00000000
0279     00f8     02149825     00     00000     00000103     1     00001003     0     00000000
027a     00fc     00132020     00     00000     00000103     1     00001003     0     00000000
027b     0100     20020022     00     00000     00000103     1     00000022     0     00000000
027c     0104     0000000c     00     00000     00000103     0     00000000     0     00000000
027d     0108     1600fffa     00     00000     00001003     0     00000000     0     00000000
027e     00f4     00108100     00     00000     00001003     1     00010000     0     00000000
027f     00f8     02149825     00     00000     00001003     1     00010003     0     00000000
0280     00fc     00132020     00     00000     00001003     1     00010003     0     00000000
0281     0100     20020022     00     00000     00001003     1     00000022     0     00000000
0282     0104     0000000c     00     00000     00001003     0     00000000     0     00000000
0283     0108     1600fffa     00     00000     00010003     0     00000000     0     00000000
0284     00f4     00108100     00     00000     00010003     1     00100000     0     00000000
0285     00f8     02149825     00     00000     00010003     1     00100003     0     00000000
0286     00fc     00132020     00     00000     00010003     1     00100003     0     00000000
0287     0100     20020022     00     00000     00010003     1     00000022     0     00000000
0288     0104     0000000c     00     00000     00010003     0     00000000     0     00000000
0289     0108     1600fffa     00     00000     00100003     0     00000000     0     00000000
028a     00f4     00108100     00     00000     00100003     1     01000000     0     00000000
028b     00f8     02149825     00     00000     00100003     1     01000003     0     00000000
028c     00fc     00132020     00     00000     00100003     1     01000003     0     00000000
028d     0100     20020022     00     00000     00100003     1     00000022     0     00000000
028e     0104     0000000c     00     00000     00100003     0     00000000     0     00000000
028f     0108     1600fffa     00     00000     01000003     0     00000000     0     00000000
0290     00f4     00108100     00     00000     01000003     1     10000000     0     00000000
0291     00f8     02149825     00     00000     01000003     1     10000003     0     00000000
0292     00fc     00132020     00     00000     01000003     1     10000003     0     00000000
0293     0100     20020022     00     00000     01000003     1     00000022     0     00000000
0294     0104     0000000c     00     00000     01000003     0     00000000     0     00000000
0295     0108     1600fffa     00     00000     10000003     0     00000000     0     00000000
0296     00f4     00108100     00     00000     10000003     1     00000000     0     00000000
0297     00f8     02149825     00     00000     10000003     1     00000003     0     00000000
0298     00fc     00132020     00     00000     10000003     1     00000003     0     00000000
0299     0100     20020022     00     00000     10000003     1     00000022     0     00000000
029a     0104     0000000c     00     00000     10000003     0     00000000     0     00000000
029b     0108     1600fffa     00     00000     00000003     0     00000000     0     00000000
029c     010c     0295a022     00     00000     00000003     1     00000002     0     00000000
029d     0110     1680fff7     00     00000     00000003     0     00000000     0     00000000
029e     00f0     00168020     00     00000     00000003     1     00000001     0     00000000
029f     00f4     00108100     00     00000     00000003     1     00000010     0     00000000
02a0     00f8     02149825     00     00000     00000003     1     00000012     0     00000000
02a1     00fc     00132020     00     00000     00000003     1     00000012     0     00000000
02a2     0100     20020022     00     00000     00000003     1     00000022     0     00000000
02a3     0104     0000000c     00     00000     00000003     0     00000000     0     00000000
02a4     0108     1600fffa     00     00000     00000012     0     00000000     0     00000000
02a5     00f4     00108100     00     00000     00000012     1     00000100     0     00000000
02a6     00f8     02149825     00     00000     00000012     1     00000102     0     00000000
02a7     00fc     00132020     00     00000     00000012     1     00000102     0     00000000
02a8     0100     20020022     00     00000     00000012     1     00000022     0     00000000
02a9     0104     0000000c     00     00000     00000012     0     00000000     0     00000000
02aa     0108     1600fffa     00     00000     00000102     0     00000000     0     00000000
02ab     00f4     00108100     00     00000     00000102     1     00001000     0     00000000
02ac     00f8     02149825     00     00000     00000102     1     00001002     0     00000000
02ad     00fc     00132020     00     00000     00000102     1     00001002     0     00000000
02ae     0100     20020022     00     00000     00000102     1     00000022     0     00000000
02af     0104     0000000c     00     00000     00000102     0     00000000     0     00000000
02b0     0108     1600fffa     00     00000     00001002     0     00000000     0     00000000
02b1     00f4     00108100     00     00000     00001002     1     00010000     0     00000000
02b2     00f8     02149825     00     00000     00001002     1     00010002     0     00000000
02b3     00fc     00132020     00     00000     00001002     1     00010002     0     00000000
02b4     0100     20020022     00     00000     00001002     1     00000022     0     00000000
02b5     0104     0000000c     00     00000     00001002     0     00000000     0     00000000
02b6     0108     1600fffa     00     00000     00010002     0     00000000     0     00000000
02b7     00f4     00108100     00     00000     00010002     1     00100000     0     00000000
02b8     00f8     02149825     00     00000     00010002     1     00100002     0     00000000
02b9     00fc     00132020     00     00000     00010002     1     00100002     0     00000000
02ba     0100     20020022     00     00000     00010002     1     00000022     0     00000000
02bb     0104     0000000c     00     00000     00010002     0     00000000     0     00000000
02bc     0108     1600fffa     00     00000     00100002     0     00000000     0     00000000
02bd     00f4     00108100     00     00000     00100002     1     01000000     0     00000000
02be     00f8     02149825     00     00000     00100002     1     01000002     0     00000000
02bf     00fc     00132020     00     00000     00100002     1     01000002     0     00000000
02c0     0100     20020022     00     00000     00100002     1     00000022     0     00000000
02c1     0104     0000000c     00     00000     00100002     0     00000000     0     00000000
02c2     0108     1600fffa     00     00000     01000002     0     00000000     0     00000000
02c3     00f4     00108100     00     00000     01000002     1     10000000     0     00000000
02c4     00f8     02149825     00     00000     01000002     1     10000002     0     00000000
02c5     00fc     00132020     00     00000     01000002     1     10000002     0     00000000
02c6     0100     20020022     00     00000     01000002     1     00000022     0     00000000
02c7     0104     0000000c     00     00000     01000002     0     00000000     0     00000000
02c8     0108     1600fffa     00     00000     10000002     0     00000000     0     00000000
02c9     00f4     00108100     00     00000     10000002     1     00000000     0     00000000
02ca     00f8     02149825     00     00000     10000002     1     00000002     0     00000000
02cb     00fc     00132020     00     00000     10000002     1     00000002     0     00000000
02cc     0100     20020022     00     00000     10000002     1     00000022     0     00000000
02cd     0104     0000000c     00     00000     10000002     0     00000000     0     00000000
02ce     0108     1600fffa     00     00000     00000002     0     00000000     0     00000000
02cf     010c     0295a022     00     00000     00000002     1     00000001     0     00000000
02d0     0110     1680fff7     00     00000     00000002     0     00000000     0     00000000
02d1     00f0     00168020     00     00000     00000002     1     00000001     0     00000000
02d2     00f4     00108100     00     00000     00000002     1     00000010     0     00000000
02d3     00f8     02149825     00     00000     00000002     1     00000011     0     00000000
02d4     00fc     00132020     00     00000     00000002     1     00000011     0     00000000
02d5     0100     20020022     00     00000     00000002     1     00000022     0     00000000
02d6     0104     0000000c     00     00000     00000002     0     00000000     0     00000000
02d7     0108     1600fffa     00     00000     00000011     0     00000000     0     00000000
02d8     00f4     00108100     00     00000     00000011     1     00000100     0     00000000
02d9     00f8     02149825     00     00000     00000011     1     00000101     0     00000000
02da     00fc     00132020     00     00000     00000011     1     00000101     0     00000000
02db     0100     20020022     00     00000     00000011     1     00000022     0     00000000
02dc     0104     0000000c     00     00000     00000011     0     00000000     0     00000000
02dd     0108     1600fffa     00     00000     00000101     0     00000000     0     00000000
02de     00f4     00108100     00     00000     00000101     1     00001000     0     00000000
02df     00f8     02149825     00     00000     00000101     1     00001001     0     00000000
02e0     00fc     00132020     00     00000     00000101     1     00001001     0     00000000
02e1     0100     20020022     00     00000     00000101     1     00000022     0     00000000
02e2     0104     0000000c     00     00000     00000101     0     00000000     0     00000000
02e3     0108     1600fffa     00     00000     00001001     0     00000000     0     00000000
02e4     00f4     00108100     00     00000     00001001     1     00010000     0     00000000
02e5     00f8     02149825     00     00000     00001001     1     00010001     0     00000000
02e6     00fc     00132020     00     00000     00001001     1     00010001     0     00000000
02e7     0100     20020022     00     00000     00001001     1     00000022     0     00000000
02e8     0104     0000000c     00     00000     00001001     0     00000000     0     00000000
02e9     0108     1600fffa     00     00000     00010001     0     00000000     0     00000000
02ea     00f4     00108100     00     00000     00010001     1     00100000     0     00000000
02eb     00f8     02149825     00     00000     00010001     1     00100001     0     00000000
02ec     00fc     00132020     00     00000     00010001     1     00100001     0     00000000
02ed     0100     20020022     00     00000     00010001     1     00000022     0     00000000
02ee     0104     0000000c     00     00000     00010001     0     00000000     0     00000000
02ef     0108     1600fffa     00     00000     00100001     0     00000000     0     00000000
02f0     00f4     00108100     00     00000     00100001     1     01000000     0     00000000
02f1     00f8     02149825     00     00000     00100001     1     01000001     0     00000000
02f2     00fc     00132020     00     00000     00100001     1     01000001     0     00000000
02f3     0100     20020022     00     00000     00100001     1     00000022     0     00000000
02f4     0104     0000000c     00     00000     00100001     0     00000000     0     00000000
02f5     0108     1600fffa     00     00000     01000001     0     00000000     0     00000000
02f6     00f4     00108100     00     00000     01000001     1     10000000     0     00000000
02f7     00f8     02149825     00     00000     01000001     1     10000001     0     00000000
02f8     00fc     00132020     00     00000     01000001     1     10000001     0     00000000
02f9     0100     20020022     00     00000     01000001     1     00000022     0     00000000
02fa     0104     0000000c     00     00000     01000001     0     00000000     0     00000000
02fb     0108     1600fffa     00     00000     10000001     0     00000000     0     00000000
02fc     00f4     00108100     00     00000     10000001     1     00000000     0     00000000
02fd     00f8     02149825     00     00000     10000001     1     00000001     0     00000000
02fe     00fc     00132020     00     00000     10000001     1     00000001     0     00000000
02ff     0100     20020022     00     00000     10000001     1     00000022     0     00000000
0300     0104     0000000c     00     00000     10000001     0     00000000     0     00000000
0301     0108     1600fffa     00     00000     00000001     0     00000000     0     00000000
0302     010c     0295a022     00     00000     00000001     1     00000000     0     00000000
0303     0110     1680fff7     00     00000     00000001     0     00000000     0     00000000
0304     0114     23bdfffc     00     00000     00000001     1     000007e8     0     00000000
0305     0118     8fb60000     00     00000     00000001     1     00000008     0     00000000
0306     011c     23bdfffc     00     00000     00000001     1     000007e4     0     00000000
0307     0120     8fb50000     00     00000     00000001     1     00000000     0     00000000
0308     0124     23bdfffc     00     00000     00000001     1     000007e0     0     00000000
0309     0128     8fb40000     00     00000     00000001     1     00000000     0     00000000
030a     012c     23bdfffc     00     00000     00000001     1     000007dc     0     00000000
030b     0130     8fb30000     00     00000     00000001     1     ff111110     0     00000000
030c     0134     23bdfffc     00     00000     00000001     1     000007d8     0     00000000
030d     0138     8fb00000     00     00000     00000001     1     00000001     0     00000000
030e     013c     23bdfffc     00     00000     00000001     1     000007d4     0     00000000
030f     0140     8fa40000     00     00000     00000001     1     fff11111     0     00000000
0310     0144     23bdfffc     00     00000     00000001     1     000007d0     0     00000000
0311     0148     8fa20000     00     00000     00000001     1     00000022     0     00000000
0312     014c     42000018     00     00000     00000001     0     00000000     0     00000000
0313     0030     02709825     00     00000     00000001     1     ff111111     0     00000000
0314     0034     00132020     00     00000     00000001     1     ff111111     0     00000000
0315     0038     20020022     00     00000     00000001     1     00000022     0     00000000
0316     003c     0000000c     00     00000     00000001     0     00000000     0     00000000
0317     0040     01094022     00     00000     ff111111     1     00000002     0     00000000
0318     0044     1500fff9     00     00000     ff111111     0     00000000     0     00000000
0319     002c     00139900     00     00000     ff111111     1     f1111110     0     00000000
031a     0030     02709825     00     00000     ff111111     1     f1111111     0     00000000
031b     0034     00132020     00     00000     ff111111     1     f1111111     0     00000000
031c     0038     20020022     00     00000     ff111111     1     00000022     0     00000000
031d     003c     0000000c     00     00000     ff111111     0     00000000     0     00000000
031e     0040     01094022     00     00000     f1111111     1     00000001     0     00000000
031f     0044     1500fff9     00     00000     f1111111     0     00000000     0     00000000
0320     002c     00139900     00     00000     f1111111     1     11111110     0     00000000
0321     0030     02709825     00     00000     f1111111     1     11111111     0     00000000
0322     0034     00132020     00     00000     f1111111     1     11111111     0     00000000
0323     0038     20020022     00     00000     f1111111     1     00000022     0     00000000
0324     003c     0000000c     00     00000     f1111111     0     00000000     0     00000000
0325     0040     01094022     00     00000     11111111     1     00000000     0     00000000
0326     0044     1500fff9     00     00000     11111111     0     00000000     0     00000000
0327     0048     22100001     00     00000     11111111     1     00000002     0     00000000
0328     004c     2018000f     00     00000     11111111     1     0000000f     0     00000000
0329     0050     02188024     00     00000     11111111     1     00000002     0     00000000
032a     0054     00108700     00     00000     11111111     1     20000000     0     00000000
032b     0058     20080008     00     00000     11111111     1     00000008     0     00000000
032c     005c     20090001     00     00000     11111111     1     00000001     0     00000000
032d     0060     00139902     00     00000     11111111     1     01111111     0     00000000
032e     0064     02709825     00     00000     11111111     1     21111111     0     00000000
032f     0068     00132021     00     00000     11111111     1     21111111     0     00000000
0330     006c     20020022     00     00000     11111111     1     00000022     0     00000000
0331     0070     0000000c     00     00000     11111111     0     00000000     0     00000000
0332     0074     01094022     00     00000     21111111     1     00000007     0     00000000
0333     0078     1500fff9     00     00000     21111111     0     00000000     0     00000000
0334     0060     00139902     00     00000     21111111     1     02111111     0     00000000
0335     0064     02709825     00     00000     21111111     1     22111111     0     00000000
0336     0068     00132021     00     00000     21111111     1     22111111     0     00000000
0337     006c     20020022     00     00000     21111111     1     00000022     0     00000000
0338     0070     0000000c     00     00000     21111111     0     00000000     0     00000000
0339     0074     01094022     00     00000     22111111     1     00000006     0     00000000
033a     0078     1500fff9     00     00000     22111111     0     00000000     0     00000000
033b     0060     00139902     00     00000     22111111     1     02211111     0     00000000
033c     0064     02709825     00     00000     22111111     1     22211111     0     00000000
033d     0068     00132021     00     00000     22111111     1     22211111     0     00000000
033e     006c     20020022     00     00000     22111111     1     00000022     0     00000000
033f     0070     0000000c     00     00000     22111111     0     00000000     0     00000000
0340     0074     01094022     00     00000     22211111     1     00000005     0     00000000
0341     0078     1500fff9     00     00000     22211111     0     00000000     0     00000000
0342     0060     00139902     00     00000     22211111     1     02221111     0     00000000
0343     0064     02709825     00     00000     22211111     1     22221111     0     00000000
0344     0068     00132021     00     00000     22211111     1     22221111     0     00000000
0345     006c     20020022     00     00000     22211111     1     00000022     0     00000000
0346     0070     0000000c     00     00000     22211111     0     00000000     0     00000000
0347     0074     01094022     00     00000     22221111     1     00000004     0     00000000
0348     0078     1500fff9     00     00000     22221111     0     00000000     0     00000000
0349     0060     00139902     00     00000     22221111     1     02222111     0     00000000
034a     0064     02709825     00     00000     22221111     1     22222111     0     00000000
034b     0068     00132021     00     00000     22221111     1     22222111     0     00000000
034c     006c     20020022     00     00000     22221111     1     00000022     0     00000000
034d     0070     0000000c     00     00000     22221111     0     00000000     0     00000000
034e     0074     01094022     00     00000     22222111     1     00000003     0     00000000
034f     0078     1500fff9     00     00000     22222111     0     00000000     0     00000000
0350     0060     00139902     00     00000     22222111     1     02222211     0     00000000
0351     0064     02709825     00     00000     22222111     1     22222211     0     00000000
0352     0068     00132021     00     00000     22222111     1     22222211     0     00000000
0353     006c     20020022     00     00000     22222111     1     00000022     0     00000000
0354     0070     0000000c     00     00000     22222111     0     00000000     0     00000000
0355     0074     01094022     00     00000     22222211     1     00000002     0     00000000
0356     0078     1500fff9     00     00000     22222211     0     00000000     0     00000000
0357     0060     00139902     00     00000     22222211     1     02222221     0     00000000
0358     0064     02709825     00     00000     22222211     1     22222221     0     00000000
0359     0068     00132021     00     00000     22222211     1     22222221     0     00000000
035a     006c     20020022     00     00000     22222211     1     00000022     0     00000000
035b     0070     0000000c     00     00000     22222211     0     00000000     0     00000000
035c     0074     01094022     00     00000     22222221     1     00000001     0     00000000
035d     0078     1500fff9     00     00000     22222221     0     00000000     0     00000000
035e     0060     00139902     00     00000     22222221     1     02222222     0     00000000
035f     0064     02709825     00     00000     22222221     1     22222222     0     00000000
0360     0068     00132021     00     00000     22222221     1     22222222     0     00000000
0361     006c     20020022     00     00000     22222221     1     00000022     0     00000000
0362     0070     0000000c     00     00000     22222221     0     00000000     0     00000000
0363     0074     01094022     00     00000     22222222     1     00000000     0     00000000
0364     0078     1500fff9     00     00000     22222222     0     00000000     0     00000000
0365     007c     00108702     00     00000     22222222     1     00000002     0     00000000
0366     0080     02c9b022     00     00000     22222222     1     00000007     0     00000000
0367     0084     12c00001     00     00000     22222222     0     00000000     0     00000000
0368     0088     08000c07     00     00000     22222222     0     00000000     0     00000000
0369     301c     26100001     00     00000     22222222     1     00000003     0     00000000
036a     3020     3210000f     00     00000     22222222     1     00000003     0     00000000
036b     3024     20080008     00     00000     22222222     1     00000008     0     00000000
036c     3028     20090001     00     00000     22222222     1     00000001     0     00000000
036d     302c     00139900     00     00000     22222222     1     22222220     0     00000000
036e     3030     02709825     00     00000     22222222     1     22222223     0     00000000
036f     3034     00132020     00     00000     22222222     1     22222223     0     00000000
0370     3038     20020022     00     00000     22222222     1     00000022     0     00000000
0371     303c     0000000c     00     00000     22222222     0     00000000     0     00000000
0372     3040     01094022     00     00000     22222223     1     00000007     0     00000000
0373     3044     1500fff9     00     00000     22222223     0     00000000     0     00000000
0374     302c     00139900     00     00000     22222223     1     22222230     0     00000000
0375     3030     02709825     00     00000     22222223     1     22222233     0     00000000
0376     3034     00132020     00     00000     22222223     1     22222233     0     00000000
0377     3038     20020022     00     00000     22222223     1     00000022     0     00000000
0378     303c     0000000c     00     00000     22222223     0     00000000     0     00000000
0379     3040     01094022     00     00000     22222233     1     00000006     0     00000000
037a     3044     1500fff9     00     00000     22222233     0     00000000     0     00000000
037b     302c     00139900     00     00000     22222233     1     22222330     0     00000000
037c     3030     02709825     00     00000     22222233     1     22222333     0     00000000
037d     3034     00132020     00     00000     22222233     1     22222333     0     00000000
037e     3038     20020022     00     00000     22222233     1     00000022     0     00000000
037f     303c     0000000c     00     00000     22222233     0     00000000     0     00000000
0380     3040     01094022     00     00000     22222333     1     00000005     0     00000000
0381     3044     1500fff9     00     00000     22222333     0     00000000     0     00000000
0382     302c     00139900     00     00000     22222333     1     22223330     0     00000000
0383     3030     02709825     00     00000     22222333     1     22223333     0     00000000
0384     3034     00132020     00     00000     22222333     1     22223333     0     00000000
0385     3038     20020022     00     00000     22222333     1     00000022     0     00000000
0386     303c     0000000c     00     00000     22222333     0     00000000     0     00000000
0387     3040     01094022     00     00000     22223333     1     00000004     0     00000000
0388     3044     1500fff9     00     00000     22223333     0     00000000     0     00000000
0389     302c     00139900     00     00000     22223333     1     22233330     0     00000000
038a     3030     02709825     00     00000     22223333     1     22233333     0     00000000
038b     3034     00132020     00     00000     22223333     1     22233333     0     00000000
038c     3038     20020022     00     00000     22223333     1     00000022     0     00000000
038d     303c     0000000c     00     00000     22223333     0     00000000     0     00000000
038e     3040     01094022     00     00000     22233333     1     00000003     0     00000000
038f     3044     1500fff9     00     00000     22233333     0     00000000     0     00000000
0390     302c     00139900     00     00000     22233333     1     22333330     0     00000000
0391     3030     02709825     00     00000     22233333     1     22333333     0     00000000
0392     3034     00132020     00     00000     22233333     1     22333333     0     00000000
0393     3038     20020022     00     00000     22233333     1     00000022     0     00000000
0394     303c     0000000c     00     00000     22233333     0     00000000     0     00000000
0395     3040     01094022     00     00000     22333333     1     00000002     0     00000000
0396     3044     1500fff9     00     00000     22333333     0     00000000     0     00000000
0397     302c     00139900     00     00000     22333333     1     23333330     0     00000000
0398     3030     02709825     00     00000     22333333     1     23333333     0     00000000
0399     3034     00132020     00     00000     22333333     1     23333333     0     00000000
039a     3038     20020022     00     00000     22333333     1     00000022     0     00000000
039b     303c     0000000c     00     00000     22333333     0     00000000     0     00000000
039c     3040     01094022     00     00000     23333333     1     00000001     0     00000000
039d     3044     1500fff9     00     00000     23333333     0     00000000     0     00000000
039e     302c     00139900     00     00000     23333333     1     33333330     0     00000000
039f     3030     02709825     00     00000     23333333     1     33333333     0     00000000
03a0     3034     00132020     00     00000     23333333     1     33333333     0     00000000
03a1     3038     20020022     00     00000     23333333     1     00000022     0     00000000
03a2     303c     0000000c     00     00000     23333333     0     00000000     0     00000000
03a3     3040     01094022     00     00000     33333333     1     00000000     0     00000000
03a4     3044     1500fff9     00     00000     33333333     0     00000000     0     00000000
03a5     3048     22100001     00     00000     33333333     1     00000004     0     00000000
03a6     304c     2018000f     00     00000     33333333     1     0000000f     0     00000000
03a7     3050     02188024     00     00000     33333333     1     00000004     0     00000000
03a8     3054     00108700     00     00000     33333333     1     40000000     0     00000000
03a9     3058     20080008     00     00000     33333333     1     00000008     0     00000000
03aa     305c     20090001     00     00000     33333333     1     00000001     0     00000000
03ab     3060     00139902     00     00000     33333333     1     03333333     0     00000000
03ac     3064     02709825     00     00000     33333333     1     43333333     0     00000000
03ad     3068     00132021     00     00000     33333333     1     43333333     0     00000000
03ae     306c     20020022     00     00000     33333333     1     00000022     0     00000000
03af     3070     0000000c     00     00000     33333333     0     00000000     0     00000000
03b0     3074     01094022     00     00000     43333333     1     00000007     0     00000000
03b1     3078     1500fff9     00     00000     43333333     0     00000000     0     00000000
03b2     3060     00139902     00     00000     43333333     1     04333333     0     00000000
03b3     3064     02709825     00     00000     43333333     1     44333333     0     00000000
03b4     3068     00132021     00     00000     43333333     1     44333333     0     00000000
03b5     306c     20020022     00     00000     43333333     1     00000022     0     00000000
03b6     3070     0000000c     00     00000     43333333     0     00000000     0     00000000
03b7     3074     01094022     00     00000     44333333     1     00000006     0     00000000
03b8     3078     1500fff9     00     00000     44333333     0     00000000     0     00000000
03b9     3060     00139902     00     00000     44333333     1     04433333     0     00000000
03ba     3064     02709825     00     00000     44333333     1     44433333     0     00000000
03bb     3068     00132021     00     00000     44333333     1     44433333     0     00000000
03bc     306c     20020022     00     00000     44333333     1     00000022     0     00000000
03bd     3070     0000000c     00     00000     44333333     0     00000000     0     00000000
03be     3074     01094022     00     00000     44433333     1     00000005     0     00000000
03bf     3078     1500fff9     00     00000     44433333     0     00000000     0     00000000
03c0     3060     00139902     00     00000     44433333     1     04443333     0     00000000
03c1     3064     02709825     00     00000     44433333     1     44443333     0     00000000
03c2     3068     00132021     00     00000     44433333     1     44443333     0     00000000
03c3     306c     20020022     00     00000     44433333     1     00000022     0     00000000
03c4     3070     0000000c     00     00000     44433333     0     00000000     0     00000000
03c5     3074     01094022     00     00000     44443333     1     00000004     0     00000000
03c6     3078     1500fff9     00     00000     44443333     0     00000000     0     00000000
03c7     3060     00139902     00     00000     44443333     1     04444333     0     00000000
03c8     3064     02709825     00     00000     44443333     1     44444333     0     00000000
03c9     3068     00132021     00     00000     44443333     1     44444333     0     00000000
03ca     306c     20020022     00     00000     44443333     1     00000022     0     00000000
03cb     3070     0000000c     00     00000     44443333     0     00000000     0     00000000
03cc     3074     01094022     00     00000     44444333     1     00000003     0     00000000
03cd     3078     1500fff9     00     00000     44444333     0     00000000     0     00000000
03ce     3060     00139902     00     00000     44444333     1     04444433     0     00000000
03cf     3064     02709825     00     00000     44444333     1     44444433     0     00000000
03d0     3068     00132021     00     00000     44444333     1     44444433     0     00000000
03d1     306c     20020022     00     00000     44444333     1     00000022     0     00000000
03d2     3070     0000000c     00     00000     44444333     0     00000000     0     00000000
03d3     3074     01094022     00     00000     44444433     1     00000002     0     00000000
03d4     3078     1500fff9     00     00000     44444433     0     00000000     0     00000000
03d5     3060     00139902     00     00000     44444433     1     04444443     0     00000000
03d6     3064     02709825     00     00000     44444433     1     44444443     0     00000000
03d7     3068     00132021     00     00000     44444433     1     44444443     0     00000000
03d8     306c     20020022     00     00000     44444433     1     00000022     0     00000000
03d9     3070     0000000c     00     00000     44444433     0     00000000     0     00000000
03da     3074     01094022     00     00000     44444443     1     00000001     0     00000000
03db     3078     1500fff9     00     00000     44444443     0     00000000     0     00000000
03dc     3060     00139902     00     00000     44444443     1     04444444     0     00000000
03dd     3064     02709825     00     00000     44444443     1     44444444     0     00000000
03de     3068     00132021     00     00000     44444443     1     44444444     0     00000000
03df     306c     20020022     00     00000     44444443     1     00000022     0     00000000
03e0     3070     0000000c     00     00000     44444443     0     00000000     0     00000000
03e1     3074     01094022     00     00000     44444444     1     00000000     0     00000000
03e2     3078     1500fff9     00     00000     44444444     0     00000000     0     00000000
03e3     307c     00108702     00     00000     44444444     1     00000004     0     00000000
03e4     3080     02c9b022     00     00000     44444444     1     00000006     0     00000000
03e5     3084     12c00001     00     00000     44444444     0     00000000     0     00000000
03e6     3088     08000c07     00     00000     44444444     0     00000000     0     00000000
03e7     301c     26100001     00     00000     44444444     1     00000005     0     00000000
03e8     3020     3210000f     00     00000     44444444     1     00000005     0     00000000